5.3354258e-315 294.10568
5.3355068e-315 294.10959
5.3355877e-315 299.89078
5.3355068e-315 299.89468
5.3354258e-315 308.168
5.3355068e-315 308.17191
5.3354258e-315 309.22659
5.3355068e-315 309.2305
5.3354258e-315 334.28876
5.3355068e-315 334.29266
5.3354258e-315 354.19476
5.3355068e-315 354.19867
5.3354258e-315 364.44855
5.3355068e-315 364.45245
5.3355877e-315 420.1861
5.3355068e-315 420.19
5.3354258e-315 425.02588
5.3355068e-315 425.02979
5.3354258e-315 435.97498
5.3355068e-315 435.97888
5.3354258e-315 449.70135
5.3355068e-315 449.70526
5.3354258e-315 457.31842
5.3355068e-315 457.32233
5.3354258e-315 457.71686
5.3355068e-315 457.72076
5.3354258e-315 468.73627
5.3355068e-315 468.74017
5.3354258e-315 480.45877
5.3355068e-315 480.46268
5.3354258e-315 505.61859
5.3355068e-315 505.6225
5.3354258e-315 509.47794
5.3355068e-315 509.48184
5.3354258e-315 521.52075
5.3355068e-315 521.52466
5.3354258e-315 537.13379
5.3355068e-315 537.1377
5.3354258e-315 538.36035
5.3355068e-315 538.36426
5.3355877e-315 552.79773
5.3355068e-315 552.80164
5.3354258e-315 556.6687
5.3355068e-315 556.67261
5.3354258e-315 557.48901
5.3355068e-315 557.49292
5.3354258e-315 560.08276
5.3355068e-315 560.08667
5.3354258e-315 561.13745
5.3355068e-315 561.14136
5.3355877e-315 561.98901
5.3355068e-315 561.99292
5.3355877e-315 564.8327
5.3355068e-315 564.83661
5.3354258e-315 588.35974
5.3355068e-315 588.36365
5.3354258e-315 591.35187
5.3355068e-315 591.35577
