3.4993037e-310 285.40549
3.5044893e-310 285.40744
3.4783755e-310 285.40939
3.4972347e-310 285.41916
3.4953515e-310 285.42111
3.5024867e-310 285.42307
3.5012135e-310 285.42502
3.5054508e-310 285.52853
3.4966777e-310 285.53049
3.5038859e-310 285.55588
3.4966777e-310 285.55783
3.4967308e-310 285.56564
3.4966777e-310 285.5676
3.4967308e-310 285.57346
3.4966777e-310 285.57541
3.4967838e-310 285.64377
3.4966777e-310 285.64572
3.4967308e-310 285.68674
3.4966777e-310 285.68869
3.491638e-310 285.74924
3.4966777e-310 285.75119
3.4966247e-310 285.82932
3.4966777e-310 285.83127
3.4967308e-310 285.84885
3.4966777e-310 285.8508
3.4967308e-310 285.85861
3.4966777e-310 285.86057
3.5060808e-310 285.86642
3.4966777e-310 285.86838
3.4967308e-310 285.94064
3.4966777e-310 285.9426
3.5064256e-310 286.04025
3.4966777e-310 286.04221
3.4968369e-310 286.05588
3.4962533e-310 286.05783
3.5003647e-310 286.05978
3.5020358e-310 286.06174
3.5065251e-310 286.06369
3.4966777e-310 286.06564
3.4968899e-310 286.0676
3.4966777e-310 286.06955
3.4941313e-310 286.07541
3.4966777e-310 286.07736
3.4929112e-310 286.16135
3.4966777e-310 286.1633
3.4967308e-310 286.16525
3.4966777e-310 286.16721
3.4966247e-310 286.18478
3.4966777e-310 286.18674
3.4966247e-310 286.23752
3.4966777e-310 286.23947
3.4966247e-310 286.32736
3.4966777e-310 286.32932
3.4967308e-310 286.33908
3.4966777e-310 286.34103
3.4966247e-310 286.57346
3.4966777e-310 286.57541
3.4966247e-310 286.62424
3.4966777e-310 286.62619
3.4966247e-310 286.63791
3.4966777e-310 286.63986
3.4967308e-310 286.70236
3.4966777e-310 286.70432
3.4967308e-310 286.7258
3.4966777e-310 286.72775
3.4967308e-310 286.83322
3.4966777e-310 286.83517
3.4967308e-310 286.86838
3.4966777e-310 286.87033
3.4967308e-310 286.91916
3.4966777e-310 286.92111
3.4966247e-310 286.92892
3.4966777e-310 286.93088
3.4967308e-310 286.95041
3.4966777e-310 286.95236
3.4967308e-310 287.05197
3.4966777e-310 287.05392
3.4966247e-310 287.16721
3.4966777e-310 287.16916
3.4967308e-310 287.29807
3.4966777e-310 287.30002
3.4967308e-310 287.38986
3.4966777e-310 287.39182
3.4967308e-310 287.55783
3.4966777e-310 287.55978
3.4967308e-310 287.60861
3.4966777e-310 287.61057
3.4967308e-310 287.90744
3.4966777e-310 287.90939
3.4967308e-310 288.15939
3.4966777e-310 288.16135
3.4967308e-310 288.16721
3.4966777e-310 288.16916
3.4967308e-310 288.17697
3.4966777e-310 288.17892
3.4966247e-310 292.82932
3.4966777e-310 292.83127
3.4967308e-310 295.72189
3.4966777e-310 295.72385
3.4966247e-310 299.86057
3.4966777e-310 299.86252
3.4966247e-310 300.38986
3.4966777e-310 300.39182
3.4966247e-310 312.92111
3.4966777e-310 312.92307
3.4966247e-310 322.87424
3.4966777e-310 322.87619
3.4966247e-310 328.00119
3.4966777e-310 328.00314
3.4967308e-310 355.87033
3.4966777e-310 355.87228
3.4966247e-310 358.29025
3.4966777e-310 358.29221
3.4966247e-310 363.76486
3.4966777e-310 363.76682
3.4966247e-310 370.62814
3.4966777e-310 370.6301
3.4966247e-310 374.43674
3.4966777e-310 374.43869
3.4966247e-310 374.63596
3.4966777e-310 374.63791
3.4966247e-310 380.14572
3.4966777e-310 380.14767
3.4966247e-310 386.00705
3.4966777e-310 386.009
3.4966247e-310 398.58713
3.4966777e-310 398.58908
3.4966247e-310 400.51682
3.4966777e-310 400.51877
3.4966247e-310 406.5383
3.4966777e-310 406.54025
3.4966247e-310 414.34494
3.4966777e-310 414.34689
3.4966247e-310 414.95822
3.4966777e-310 414.96017
3.4967308e-310 422.17697
3.4966777e-310 422.17892
3.4966247e-310 424.11252
3.4966777e-310 424.11447
3.4966247e-310 424.52267
3.4966777e-310 424.52463
3.4966247e-310 425.81955
3.4966777e-310 425.8215
3.4966247e-310 426.34689
3.4966777e-310 426.34885
3.4967308e-310 426.77267
3.4966777e-310 426.77463
3.4967308e-310 428.19455
3.4966777e-310 428.1965
3.4966247e-310 439.95822
3.4966777e-310 439.96017
3.4966247e-310 441.45432
3.4966777e-310 441.45627
3.4966247e-310 447.90353
3.4966777e-310 447.90549
3.4966247e-310 448.58517
3.4966777e-310 448.58713
3.4966247e-310 449.09299
3.4966777e-310 449.09494
3.4966247e-310 452.9465
3.4966777e-310 452.94846
3.4967308e-310 455.47971
3.4966777e-310 455.48166
3.4966247e-310 456.50119
3.4966777e-310 456.50314
3.4966247e-310 458.05978
3.4966777e-310 458.06174
3.4966247e-310 459.96799
3.4966777e-310 459.96994
3.4967308e-310 463.90158
3.4966777e-310 463.90353
3.4966247e-310 470.96799
3.4966777e-310 470.96994
3.4966247e-310 471.40939
3.4966777e-310 471.41135
3.4966247e-310 472.45041
3.4966777e-310 472.45236
3.4966247e-310 472.85666
3.4966777e-310 472.85861
3.4966247e-310 474.58127
3.4966777e-310 474.58322
3.4967308e-310 477.39182
3.4966777e-310 477.39377
3.4966247e-310 479.29611
3.4966777e-310 479.29807
3.4966247e-310 487.35861
3.4966777e-310 487.36057
3.4967308e-310 491.1965
3.4966777e-310 491.19846
3.4966247e-310 496.0383
3.4966777e-310 496.04025
3.4966247e-310 515.44653
3.4966777e-310 515.44849
3.4966247e-310 516.42114
3.4966777e-310 516.4231
3.4966247e-310 517.41528
3.4966777e-310 517.41724
3.4967308e-310 519.08521
3.4966777e-310 519.08716
3.4966247e-310 519.23169
3.4966777e-310 519.23364
3.4967308e-310 519.27075
3.4966777e-310 519.27271
3.4967308e-310 519.29614
3.4966777e-310 519.2981
3.4967308e-310 519.39185
3.4966777e-310 519.3938
3.4967308e-310 519.80396
3.4966777e-310 519.80591
3.4967308e-310 520.07153
3.4966777e-310 520.07349
3.4967308e-310 520.08521
3.4966777e-310 520.08716
3.4966247e-310 520.11646
3.4966777e-310 520.11841
3.4966247e-310 520.50317
3.4966777e-310 520.50513
3.4967308e-310 520.65552
3.4966777e-310 520.65747
3.4966247e-310 520.85474
3.4966777e-310 520.85669
3.4967308e-310 520.86646
3.4966777e-310 520.86841
3.4967308e-310 520.93872
3.4966777e-310 520.94067
3.4967308e-310 521.28833
3.4966777e-310 521.29028
3.4967308e-310 521.35474
3.4966777e-310 521.35669
3.4967308e-310 521.37622
3.4966777e-310 521.37817
3.4966247e-310 521.56958
3.4966777e-310 521.57153
3.4966247e-310 521.60474
3.4966777e-310 521.60669
3.4966247e-310 521.80786
3.4966777e-310 521.80981
3.4967308e-310 521.927
3.4966777e-310 521.92896
3.4967308e-310 522.46021
3.4966777e-310 522.46216
3.4967308e-310 522.47583
3.4966777e-310 522.47778
3.4967308e-310 522.55005
3.4966777e-310 522.552
3.4967308e-310 522.84692
3.4966777e-310 522.84888
3.4967308e-310 522.88599
3.4966777e-310 522.88794
3.4967308e-310 522.91138
3.4966777e-310 522.91333
3.4967308e-310 523.06177
3.4966777e-310 523.06372
3.4967308e-310 523.26685
3.4966777e-310 523.2688
3.4966247e-310 523.29614
3.4966777e-310 523.2981
3.4967308e-310 523.32935
3.4966777e-310 523.3313
3.4966247e-310 528.27271
3.4966777e-310 528.27466
3.4967308e-310 528.45825
3.4966777e-310 528.46021
3.4966247e-310 532.54224
3.4966777e-310 532.54419
3.4967308e-310 533.54614
3.4966777e-310 533.5481
3.4966247e-310 533.56177
3.4966777e-310 533.56372
3.4966247e-310 533.62427
3.4966777e-310 533.62622
3.4967308e-310 533.63013
3.4966777e-310 533.63208
3.4966247e-310 533.65747
3.4966777e-310 533.65942
3.4966247e-310 536.052
3.4966777e-310 536.05396
3.4967308e-310 536.10864
3.4966777e-310 536.1106
3.4966247e-310 536.19458
3.4966777e-310 536.19653
3.4967308e-310 543.56763
3.4966777e-310 543.56958
3.4967308e-310 548.64575
3.4966777e-310 548.64771
3.4966247e-310 582.31372
927 582.31763
928 582.31958
927 582.32153
928 582.34106
927 582.34302
928 582.36646
927 582.36841
928 582.41919
927 582.42114
928 582.45239
927 582.45435
928 582.46802
927 582.47192
928 582.47974
927 582.48169
928 582.4856
927 582.4895
928 582.62231
927 582.62427
928 582.63794
927 582.63989
928 582.65552
927 582.65747
928 582.68481
927 582.68677
928 582.68872
927 582.69067
928 582.7063
927 582.70825
928 582.75513
927 582.75708
928 582.78442
927 582.78638
928 582.79614
927 582.7981
928 582.80786
927 582.80981
928 582.81567
927 582.82349
928 582.83911
927 582.84106
928 582.87231
927 582.87427
928 582.88599
927 582.88794
928 582.90356
927 582.90552
928 582.94458
927 582.94849
928 582.96606
927 582.96802
928 582.97974
927 582.98169
928 582.98755
927 582.9895
928 583.00708
927 583.00903
928 583.03247
927 583.03442
928 583.04614
927 583.0481
928 583.06372
927 583.06567
928 583.08325
927 583.08521
1010 583.13208
271 583.13403
783 583.13599
282 583.14575
215 583.14771
256 583.14966
30 583.15161
927 583.25513
928 583.26099
927 583.26294
95 583.28052
368 583.28247
927 583.28442
928 583.30005
927 583.30396
928 583.32349
927 583.32544
928 583.33325
927 583.33521
928 583.38599
927 583.38794
928 583.46606
927 583.46802
928 583.47388
927 583.47583
928 583.48364
927 583.4856
928 583.4895
927 583.49146
100 583.49341
927 583.49536
928 583.49731
927 583.50317
928 583.50708
927 583.50903
928 583.56372
927 583.56567
928 583.56958
927 583.57153
928 583.58716
927 583.58911
923 583.59106
927 583.59302
928 583.60669
927 583.60864
923 583.6106
927 583.61255
785 583.61841
927 583.62036
928 583.63013
927 583.63208
79 583.6438
927 583.64575
864 583.66138
927 583.66333
928 583.67114
927 583.6731
928 583.68677
927 583.68872
201 583.69263
928 583.69458
927 583.69653
928 583.72388
927 583.72583
928 583.72778
797 583.73169
927 583.73364
928 583.75513
927 583.75708
673 583.76099
927 583.76294
908 583.76489
667 583.76685
768 583.7688
927 583.77075
928 583.77271
927 583.77661
791 583.78247
927 583.78442
32 583.78833
75 583.79028
560 583.79224
671 583.79419
795 583.79614
927 583.7981
928 583.802
927 583.80396
928 583.80786
927 583.80981
928 583.83521
927 583.83716
928 583.84106
927 583.84302
928 583.85083
927 583.85278
928 583.85474
927 583.85669
928 583.88403
927 583.88794
928 583.89575
927 583.89771
928 583.90161
927 583.90552
928 583.91528
927 583.91724
928 583.95825
927 583.96021
928 583.96606
927 583.96802
928 583.97778
927 583.97974
928 584.00122
927 584.00317
928 584.00513
927 584.00708
928 584.05396
927 584.05591
928 584.08911
927 584.09106
928 584.12817
927 584.13013
928 584.15161
927 584.15356
928 584.16138
927 584.16333
928 584.16724
927 584.16919
928 584.18286
927 584.18481
928 584.19653
927 584.19849
928 584.21216
927 584.21606
928 584.22388
927 584.22583
928 584.23755
927 584.2395
928 584.24146
927 584.24341
928 584.24731
927 584.24927
928 584.26685
927 584.27075
928 584.2981
927 584.30005
928 584.30591
927 584.30786
928 584.32153
927 584.32349
928 584.33521
927 584.33716
928 584.33911
927 584.34106
928 584.37427
927 584.37817
928 584.41724
927 584.41919
928 584.427
927 584.42896
928 584.43872
927 584.44067
928 584.45044
927 584.45239
928 584.46411
927 584.46606
928 584.48364
927 584.4856
928 584.53052
927 584.53442
928 584.5481
927 584.55005
928 584.55396
927 584.55591
928 584.56567
927 584.56958
928 584.57349
927 584.57544
928 584.59302
927 584.59497
928 584.62231
927 584.62427
928 584.62817
927 584.63013
928 584.63599
927 584.63794
928 584.66333
927 584.66919
928 584.67505
927 584.677
928 584.68091
927 584.68286
928 584.68872
927 584.69067
928 584.69849
927 584.70044
928 584.71802
927 584.71997
928 584.72388
927 584.72583
928 584.73755
927 584.7395
928 584.74146
927 584.74536
928 584.76489
927 584.76685
928 584.7688
927 584.77075
928 584.77856
927 584.78052
928 584.78247
927 584.78442
928 584.79224
927 584.79419
928 584.7981
927 584.80005
928 584.80591
927 584.80786
928 584.80981
927 584.81177
928 584.81567
927 584.81763
928 584.82544
927 584.82935
928 584.83325
927 584.83521
928 584.84888
927 584.85083
928 584.86646
927 584.86841
928 584.88208
927 584.88403
928 584.8938
927 584.89575
928 584.90942
927 584.91138
928 584.927
927 584.92896
928 584.94849
927 584.95044
928 584.95435
927 584.9563
928 584.95825
927 584.96021
928 584.96216
927 584.96411
928 584.97583
927 584.97778
928 584.98755
927 584.9895
928 584.99146
927 584.99341
928 584.99536
927 584.99927
928 585.00122
927 585.00317
928 585.0188
927 585.02075
928 585.02661
927 585.02856
928 585.04614
927 585.0481
928 585.05396
927 585.05591
928 585.05981
927 585.06177
928 585.1106
927 585.11255
928 585.13208
927 585.13403
928 585.13599
927 585.13794
928 585.14185
927 585.1438
928 585.15356
927 585.15747
928 585.18091
927 585.18286
928 585.19263
927 585.19458
928 585.19849
927 585.20044
928 585.23169
927 585.23364
928 585.25513
927 585.25708
928 585.26099
927 585.26294
928 585.28247
927 585.28833
928 585.31372
927 585.31567
928 585.31958
927 585.32153
928 585.34692
927 585.34888
928 585.35474
927 585.35669
928 585.37036
927 585.37231
928 585.38403
927 585.38794
928 585.41138
927 585.41333
928 585.4231
927 585.42505
928 585.42896
927 585.43091
928 585.43286
927 585.43481
928 585.43872
927 585.44263
928 585.45044
927 585.45239
928 585.45435
927 585.4563
928 585.46802
927 585.46997
928 585.47192
927 585.47388
928 585.4895
927 585.49146
928 585.50513
927 585.50708
928 585.52856
927 585.53052
928 585.53638
927 585.53833
928 585.55786
927 585.56177
928 585.56958
927 585.57153
928 585.5813
927 585.58325
928 585.58521
927 585.58716
928 585.59106
927 585.59497
928 585.60474
927 585.60864
928 585.64185
927 585.6438
928 585.65747
927 585.66333
928 585.68872
927 585.69067
928 585.70239
927 585.70435
928 585.71021
927 585.71216
928 585.71997
927 585.72192
928 585.72388
927 585.72583
928 585.73169
927 585.73364
928 585.74731
927 585.74927
928 585.75513
927 585.75708
928 585.77075
927 585.77271
928 585.77661
927 585.78052
928 585.78638
927 585.79224
928 585.80591
927 585.80786
928 585.82739
927 585.83325
928 585.83716
927 585.83911
928 585.85083
927 585.85278
928 585.8645
927 585.86646
928 585.86841
927 585.87036
928 585.88794
927 585.88989
928 585.9231
927 585.92505
928 585.93677
927 585.93872
928 585.94653
927 585.95044
928 585.96021
927 585.96411
928 585.9895
927 585.99146
928 586.00122
927 586.00317
928 586.01099
927 586.01294
928 586.03638
927 586.03833
928 586.08521
927 586.08716
928 586.11841
927 586.12036
928 586.12817
927 586.13013
928 586.21802
927 586.21997
928 586.22583
927 586.22778
928 586.26099
927 586.26294
928 586.27271
927 586.27466
928 586.3645
927 586.36646
928 586.38989
927 586.39185
928 586.43677
927 586.43872
928 586.4563
927 586.45825
928 586.48169
927 586.48364
928 586.49341
927 586.49536
928 586.5813
927 586.58325
928 586.59302
927 586.59497
928 586.59888
927 586.60083
928 586.65942
927 586.66138
928 586.66528
927 586.66724
928 586.67505
927 586.677
928 586.72974
927 586.73169
928 586.85083
927 586.85278
928 586.87817
927 586.88013
928 586.91919
927 586.92114
928 586.94067
927 586.94263
928 586.99731
927 586.99927
928 587.01685
927 587.0188
928 587.02075
927 587.02271
928 587.03638
927 587.03833
928 587.08911
927 587.09302
928 587.1731
927 587.17505
928 587.18677
927 587.19067
928 587.21411
927 587.21606
928 587.26685
927 587.2688
928 587.27271
927 587.27466
928 587.27661
927 587.28052
928 587.34106
927 587.34497
928 587.37817
927 587.38013
928 587.40552
927 587.40747
928 587.51489
927 587.51685
928 587.52661
927 587.52856
928 587.56372
927 587.56567
928 587.56763
927 587.56958
928 587.57349
927 587.57544
928 587.58911
927 587.59106
928 587.60083
927 587.60278
928 587.63989
927 587.64185
928 587.66333
927 587.66528
928 587.66724
927 587.66919
928 587.69653
927 587.69849
928 587.71216
927 587.71411
928 587.72583
927 587.72778
928 587.73755
927 587.7395
928 587.74146
927 587.74341
928 587.75513
927 587.75903
928 587.84106
927 587.84302
928 587.85278
927 587.85474
928 587.87622
927 587.87817
928 587.89771
927 587.89966
928 587.90552
927 587.90747
928 587.92505
927 587.927
928 587.94653
927 587.94849
928 587.95044
927 587.95435
928 587.96997
927 587.97192
928 588.052
927 588.05396
928 588.09106
927 588.09302
928 588.09497
927 588.09692
928 588.13013
927 588.13208
928 588.14185
927 588.1438
928 588.14966
927 588.15161
928 588.15747
927 588.15942
928 588.177
927 588.17896
928 588.18481
927 588.18677
928 588.19849
927 588.20044
928 588.21802
927 588.21997
928 588.25903
927 588.26099
928 588.36841
927 588.37036
928 588.41333
927 588.41528
928 588.41724
927 588.41919
928 588.43091
927 588.43286
928 588.48169
927 588.48364
928 588.50317
927 588.50513
928 588.55981
927 588.56177
928 588.60278
927 588.60474
928 588.63403
927 588.63599
928 588.72192
927 588.72388
928 588.74731
927 588.74927
928 588.84497
927 588.84692
928 588.90552
927 588.90747
928 588.95239
927 588.9563
928 589.04614
927 589.0481
928 589.05981
927 589.06177
928 589.08911
927 589.09106
928 589.13013
927 589.13208
928 589.14185
927 589.1438
928 589.15356
927 589.15552
928 589.22778
927 589.22974
928 589.25708
927 589.25903
928 589.27271
927 589.27466
928 589.30981
927 589.31567
928 589.33716
927 589.33911
928 589.35278
927 589.35474
928 589.35864
927 589.3606
928 589.37231
927 589.37427
928 589.40942
927 589.41138
928 589.44067
927 589.44263
928 589.46021
927 589.46216
928 589.56372
927 589.56567
928 589.57153
927 589.57349
928 589.63599
927 589.63794
928 589.65356
927 589.65552
928 589.68872
927 589.69067
928 589.74146
927 589.74341
928 589.75513
927 589.75708
928 589.76489
927 589.76685
928 589.77271
927 589.77466
928 589.77661
927 589.78247
928 589.81177
927 589.81372
928 589.90161
927 589.90356
928 590.00513
927 590.01099
928 590.03442
927 590.03638
928 590.04419
927 590.04614
928 590.0481
927 590.05005
928 590.11255
927 590.1145
928 590.13013
927 590.13208
928 590.15552
927 590.15747
928 590.21411
927 590.21606
928 590.21997
927 590.22192
928 590.26099
927 590.26294
928 590.28833
927 590.29028
928 590.3313
927 590.33521
928 590.35278
927 590.35474
928 590.43091
927 590.43481
928 590.43872
927 590.44067
928 590.4856
927 590.48755
928 590.52075
927 590.52271
928 590.56763
927 590.56958
928 590.58911
927 590.59106
928 590.60083
927 590.60278
928 590.60864
927 590.6106
928 590.62036
927 590.62231
928 590.62622
927 590.62817
928 590.66138
927 590.66333
928 590.66528
927 590.66724
928 590.7063
927 590.70825
928 590.71411
927 590.71606
928 590.74731
927 590.74927
928 590.75317
927 590.75513
928 590.80396
927 590.80591
928 590.88989
927 590.89185
928 590.90942
927 590.91138
928 590.93091
927 590.93286
928 591.00317
927 591.00513
928 591.00708
927 591.00903
928 591.02271
927 591.02466
928 591.12622
927 591.12817
928 591.13794
927 591.13989
928 591.15747
927 591.15942
928 591.3938
927 591.39575
928 591.42114
927 591.4231
928 591.42505
927 591.427
928 591.45825
927 591.46021
928 591.48364
927 591.4856
928 591.49927
927 591.50122
928 591.50513
927 591.50708
928 591.54224
927 591.54419
928 591.58716
927 591.58911
928 591.60083
927 591.60278
928 591.65356
927 591.65552
928 591.65942
927 591.66138
928 591.66528
927 591.66724
928 591.69263
927 591.69458
928 591.70435
927 591.7063
928 591.71802
927 591.71997
928 591.75122
927 591.75317
928 591.75513
927 591.75903
928 591.84106
927 591.84302
928 591.86646
927 591.86841
928 591.88989
927 591.89185
928 591.93872
927 591.94067
928 591.97583
927 591.97778
928 591.98169
927 591.98364
928 592.04419
927 592.04614
928 592.0813
927 592.08325
928 592.16724
927 592.16919
928 592.17505
927 592.17896
928 592.18481
927 592.18677
928 592.20239
927 592.2063
928 592.20825
927 592.21021
928 592.28247
927 592.28442
928 592.30591
927 592.30786
928 592.32739
927 592.32935
928 592.34888
927 592.35083
928 592.4231
927 592.42505
928 592.427
927 592.42896
928 592.47192
927 592.47388
928 592.49536
927 592.49731
928 592.52075
927 592.52271
928 592.52661
927 592.52856
928 592.54028
927 592.54224
928 592.55396
927 592.55591
928 592.60669
927 592.60864
928 592.6145
927 592.61646
928 592.62622
927 592.62817
928 592.63208
927 592.63403
928 592.68677
927 592.68872
928 592.71021
927 592.71216
928 592.71411
927 592.71606
928 592.72778
927 592.72974
928 592.7395
927 592.74146
928 592.75122
927 592.75317
928 592.83325
927 592.83521
928 592.87817
927 592.88013
928 592.90552
927 592.90747
928 592.91333
927 592.91528
928 592.93481
927 592.93677
928 592.95044
927 592.95239
928 592.9563
927 592.95825
928 592.97974
927 592.98169
928 592.99927
927 593.00122
928 593.19653
927 593.19849
928 593.20044
927 593.20239
928 593.21411
927 593.21606
928 593.24927
927 593.25122
928 593.31958
927 593.32153
928 593.33521
927 593.33716
928 593.35278
927 593.35474
928 593.37427
927 593.37622
928 593.427
927 593.42896
928 593.44263
927 593.44849
928 593.47778
927 593.47974
928 593.58325
927 593.58521
928 593.6106
927 593.6145
928 593.68091
927 593.68286
928 593.75317
927 593.75513
928 593.76099
927 593.76294
928 593.7688
927 593.77075
928 593.77856
927 593.78247
928 593.83521
927 593.83716
928 593.84106
927 593.84302
928 593.86255
927 593.8645
928 593.88599
927 593.88794
928 593.92896
927 593.93091
928 594.04419
927 594.04614
928 594.07935
927 594.0813
928 594.11255
927 594.1145
928 594.22583
927 594.22778
928 594.25708
927 594.26099
928 594.29419
927 594.29614
928 594.37622
927 594.37817
928 594.40552
927 594.40942
928 594.42114
927 594.4231
928 594.47778
927 594.47974
928 594.48755
927 594.4895
928 594.50708
927 594.50903
928 594.52856
927 594.53052
928 594.54028
927 594.54224
928 594.59497
927 594.59692
928 594.60864
927 594.6106
928 594.62622
927 594.62817
928 594.64185
927 594.6438
928 594.64575
927 594.64771
928 594.66333
927 594.66919
928 594.68481
927 594.68677
928 594.75903
927 594.76099
928 594.77661
927 594.77856
928 594.78052
927 594.78247
928 594.79224
927 594.79419
928 594.82349
927 594.82739
928 594.85278
927 594.85474
928 594.88208
927 594.88403
928 594.88989
927 594.89185
928 594.9231
927 594.92505
928 594.97778
927 594.97974
928 594.98169
927 594.98364
928 594.9856
927 594.98755
928 594.99536
927 594.99731
928 595.00122
927 595.00317
928 595.05786
927 595.05981
928 595.06958
927 595.07153
928 595.10278
927 595.10474
928 595.11841
927 595.12036
928 595.12427
927 595.12622
928 595.13599
927 595.13794
928 595.14966
927 595.15161
928 595.17114
927 595.1731
928 595.20825
927 595.21021
928 595.2395
927 595.24146
928 595.26685
927 595.2688
928 595.31177
927 595.31372
928 595.33716
927 595.34106
928 595.37622
927 595.37817
928 595.3938
927 595.39575
928 595.40356
927 595.40552
928 595.4231
927 595.42505
928 595.43091
927 595.43286
928 595.4563
927 595.45825
928 595.47583
927 595.47778
928 595.49146
927 595.49341
928 595.50708
927 595.50903
928 595.52856
927 595.53052
928 595.55786
927 595.55981
928 595.58521
927 595.58716
928 595.58911
927 595.59106
928 595.59692
927 595.59888
928 595.677
927 595.67896
928 595.76294
927 595.76489
928 595.81958
927 595.82153
928 595.8313
927 595.83325
928 595.83521
927 595.83716
928 595.89771
927 595.89966
928 595.92505
927 595.927
928 595.94653
927 595.94849
928 596.01294
927 596.01489
928 596.05005
927 596.05396
928 596.14771
927 596.15161
928 596.177
927 596.17896
928 596.19458
927 596.19653
928 596.22778
927 596.22974
928 596.23169
927 596.23364
928 596.26685
927 596.2688
928 596.27075
927 596.27271
928 596.28442
927 596.28638
928 596.30591
927 596.30786
928 596.32153
927 596.32349
928 596.33911
927 596.34106
928 596.38013
927 596.38208
928 596.39966
927 596.40161
928 596.50513
927 596.50708
928 596.53052
927 596.53247
928 596.55591
927 596.55786
928 596.58325
927 596.58521
928 596.58911
927 596.59106
928 596.59692
927 596.59888
928 596.65942
927 596.66138
928 596.71021
927 596.71216
928 596.75122
927 596.75317
928 596.76099
927 596.76294
928 596.78052
927 596.78247
928 596.8313
927 596.83325
928 596.84302
927 596.84497
928 596.85669
927 596.8606
928 596.91724
927 596.91919
928 596.92505
927 596.927
928 596.97778
927 596.97974
928 597.02856
927 597.03052
928 597.03638
927 597.03833
928 597.06177
927 597.06372
928 597.15356
927 597.15552
928 597.17505
927 597.177
928 597.18677
927 597.18872
928 597.21997
927 597.22192
928 597.22583
927 597.22778
928 597.25317
927 597.25513
928 597.31763
927 597.31958
928 597.34106
927 597.34302
928 597.34888
927 597.35083
928 597.49731
927 597.49927
928 597.52466
927 597.52661
928 597.52856
927 597.53052
928 597.62622
927 597.62817
928 597.64575
927 597.64771
928 597.71216
927 597.71606
928 597.75317
927 597.75513
928 597.84888
927 597.85083
928 597.85278
927 597.85669
928 597.91919
927 597.92114
928 597.9231
927 597.92505
928 597.95044
927 597.95239
928 597.95825
927 597.96021
928 597.97388
927 597.97583
928 598.00708
927 598.01099
928 598.02466
927 598.02661
928 598.03052
927 598.03442
928 598.07153
927 598.07349
928 598.09497
927 598.09692
928 598.16724
927 598.16919
928 598.1731
927 598.17505
928 598.18286
927 598.18481
928 598.2395
927 598.24146
928 598.24536
927 598.24731
928 598.26294
927 598.26489
928 598.28052
927 598.28247
928 598.3645
927 598.36646
928 598.38599
927 598.38794
928 598.427
927 598.42896
928 598.4563
927 598.45825
928 598.46216
927 598.46606
928 598.49146
927 598.49341
928 598.51489
927 598.51685
928 598.56958
927 598.57153
928 598.59692
927 598.59888
928 598.677
927 598.67896
928 598.68286
927 598.68481
928 598.74731
927 598.74927
928 598.77271
927 598.77466
928 598.77856
927 598.78052
928 598.89771
927 598.89966
928 598.91333
927 598.91528
928 598.92114
927 598.9231
928 598.92505
927 598.927
928 598.93091
927 598.93286
928 598.95825
927 598.96021
928 598.96997
927 598.97192
928 598.97974
927 598.98169
928 599.00903
927 599.01099
928 599.03247
927 599.03638
928 599.04028
927 599.04419
928 599.05591
927 599.05786
928 599.0813
927 599.08325
928 599.09106
927 599.09302
928 599.09497
927 599.09692
928 599.1106
927 599.11255
928 599.11646
927 599.11841
928 599.16724
927 599.16919
928 599.177
927 599.17896
928 599.19849
927 599.20044
928 599.25122
927 599.25513
928 599.30786
927 599.30981
928 599.35474
927 599.35669
928 599.36646
927 599.37036
928 599.38208
927 599.38403
928 599.38599
927 599.38794
928 599.38989
927 599.39185
928 599.39771
927 599.39966
928 599.40356
927 599.40552
928 599.4231
927 599.42505
928 599.43091
927 599.43286
928 599.45044
927 599.45239
928 599.5481
927 599.55005
928 599.552
927 599.55396
928 599.57739
927 599.57935
928 599.60083
927 599.60474
928 599.60669
927 599.60864
928 599.65161
927 599.65356
928 599.66333
927 599.66528
928 599.71021
927 599.71216
928 599.72388
927 599.72583
928 599.7395
927 599.74146
928 599.76099
927 599.76294
928 599.78833
927 599.79224
928 599.81958
927 599.82153
928 599.8313
927 599.83325
928 599.84888
927 599.85083
928 599.8938
927 599.89575
928 599.91333
927 599.91528
