121 285.16037
122 285.40842
121 285.41037
122 285.46115
121 285.4631
213 285.97482
610 285.97678
3 285.97873
135 285.98849
96 285.99045
410 285.9924
314 285.99435
755 286.09787
121 286.09982
519 286.12521
121 286.12717
122 286.13498
121 286.13693
122 286.14279
121 286.14474
123 286.2131
121 286.21506
122 286.25607
121 286.25803
45 286.31857
121 286.32053
120 286.39865
121 286.4006
122 286.41818
121 286.42014
122 286.42795
121 286.4299
850 286.43576
121 286.43771
122 286.50998
121 286.51193
902 286.60959
121 286.61154
124 286.62521
113 286.62717
253 286.62912
376 286.63107
917 286.63303
121 286.63498
125 286.63693
121 286.63889
73 286.64474
121 286.6467
57 286.73068
121 286.73264
122 286.73459
121 286.73654
120 286.75412
121 286.75607
120 286.80685
121 286.80881
120 286.8967
121 286.89865
122 286.90842
121 286.91037
120 287.14279
121 287.14474
120 287.19357
121 287.19553
120 287.20724
121 287.2092
122 287.2717
121 287.27365
122 287.29514
121 287.29709
122 287.40256
121 287.40451
122 287.43771
121 287.43967
122 287.48849
121 287.49045
120 287.49826
121 287.50021
122 287.51974
121 287.5217
122 287.62131
121 287.62326
120 287.73654
121 287.73849
122 287.8674
121 287.86935
122 287.9592
121 287.96115
122 288.12717
121 288.12912
122 288.17795
121 288.1799
122 288.47678
121 288.47873
122 288.72873
121 288.73068
122 288.73654
121 288.73849
122 288.74631
121 288.74826
120 293.39865
121 293.4006
122 296.29123
121 296.29318
120 300.4299
121 300.43185
120 300.9592
121 300.96115
120 313.49045
121 313.4924
120 323.44357
121 323.44553
120 328.57053
121 328.57248
122 356.43967
121 356.44162
120 358.85959
121 358.86154
120 364.3342
121 364.33615
120 371.19748
121 371.19943
120 375.00607
121 375.00803
120 375.20529
121 375.20724
120 380.71506
121 380.71701
120 386.57639
121 386.57834
120 399.15646
121 399.15842
120 401.08615
121 401.0881
120 407.10764
121 407.10959
120 414.91428
121 414.91623
120 415.52756
121 415.52951
122 422.74631
121 422.74826
120 424.68185
121 424.68381
120 425.09201
121 425.09396
120 426.38889
121 426.39084
120 426.91623
121 426.91818
122 427.34201
121 427.34396
122 428.76389
121 428.76584
120 440.52756
121 440.52951
120 442.02365
121 442.0256
120 448.47287
121 448.47482
120 449.15451
121 449.15646
120 449.66232
121 449.66428
120 453.51584
121 453.51779
122 456.04904
121 456.05099
120 457.07053
121 457.07248
120 458.62912
121 458.63107
120 460.53732
121 460.53928
122 464.47092
121 464.47287
120 471.53732
121 471.53928
120 471.97873
121 471.98068
120 473.01974
121 473.0217
120 473.42599
121 473.42795
120 475.1506
121 475.15256
122 477.96115
121 477.9631
120 479.86545
121 479.8674
120 487.92795
121 487.9299
122 491.76584
121 491.76779
120 496.60764
121 496.60959
120 516.01587
121 516.01782
120 516.99048
121 516.99243
120 517.98462
121 517.98657
122 519.65454
121 519.65649
120 519.80103
121 519.80298
122 519.84009
121 519.84204
122 519.86548
121 519.86743
122 519.96118
121 519.96313
122 520.37329
121 520.37524
122 520.64087
121 520.64282
122 520.65454
121 520.65649
120 520.68579
121 520.68774
120 521.07251
121 521.07446
122 521.22485
121 521.22681
120 521.42407
121 521.42603
122 521.43579
121 521.43774
122 521.50806
121 521.51001
122 521.85767
121 521.85962
122 521.92407
121 521.92603
122 521.94556
121 521.94751
120 522.13892
121 522.14087
120 522.17407
121 522.17603
120 522.3772
121 522.37915
122 522.49634
121 522.49829
122 523.02954
121 523.03149
122 523.04517
121 523.04712
122 523.11938
121 523.12134
122 523.41626
121 523.41821
122 523.45532
121 523.45728
122 523.48071
121 523.48267
122 523.6311
121 523.63306
122 523.83618
121 523.83813
120 523.86548
121 523.86743
122 523.89868
121 523.90063
120 528.84204
121 528.84399
122 529.02759
121 529.02954
120 533.11157
121 533.11353
122 534.11548
121 534.11743
120 534.1311
121 534.13306
120 534.1936
121 534.19556
122 534.19946
121 534.20142
120 534.22681
121 534.22876
120 536.62134
121 536.62329
122 536.67798
121 536.67993
120 536.76392
121 536.76587
122 544.13696
121 544.13892
122 549.21509
121 549.21704
120 582.88306
121 582.88501
